0.056729	
0.405625	
0.758667	
1.108833	
1.224250	
1.459750	
1.582542	
1.931833	
2.159875	
2.283792	
2.636396	
2.982083	
3.105583	
3.335688	
3.458750	
3.473333	
3.803792	
3.823146	
4.154979	
4.508292	
4.860229	
4.976854	
5.209875	
5.332917	
5.358333	
5.446063	
5.681542	
6.034500	
6.383479	
6.732542	
6.853542	
7.209583	
7.320354	
7.553125	
8.019146	
8.048521	
8.255292	
8.667521	
8.955500	
8.987667	
9.431208	
9.894479	
9.928167	
10.360000	
10.604437	
10.832437	
10.862625	
11.327396	
11.463771	
11.656729	
11.769146	
11.800167	
12.013271	
12.261292	
12.705833	
12.951000	
12.998875	
13.159250	
13.207396	
13.532771	
13.644021	
14.112583	
14.347833	
14.581604	
14.611917	
15.084208	
15.203396	
15.406417	
15.521208	
15.550833	
16.230979	
16.249021	
16.456458	
16.486333	
16.580958	
17.192646	
17.282583	
17.393458	
17.423500	
17.852687	
18.105750	
18.331063	
18.820479	
19.076313	
19.099062	
19.270437	
19.300146	
19.439375	
19.500354	
20.206563	
20.237938	
20.565396	
20.894938	
21.144083	
21.174063	
21.970250	
22.081396	
22.113312	
22.436312	
22.551313	
22.788083	
23.020000	
23.051208	
23.256583	
23.724750	
23.957146	
23.985229	
24.123771	
24.193917	
24.441146	
24.663187	
24.895292	
25.131792	
25.370354	
25.601562	
25.830458	
26.069354	
26.334229	
26.455229	
26.538271	
26.769604	
26.799563	
27.004229	
27.238417	
27.475021	
27.662792	
27.943354	
28.176583	
28.413042	
28.647083	
28.881875	
29.106813	
29.235542	
29.351375	
29.580292	
29.612437	
29.820146	
30.074813	
30.210250	
30.289479	
30.519188	
30.548750	
30.758563	
30.958125	
31.015208	
31.224875	
31.457875	
31.488312	
31.693021	
32.162917	
32.396458	
32.632479	
32.852438	
32.988000	
33.099771	
33.331313	
33.570042	
33.822458	
34.038708	
34.268687	
34.298521	
34.508271	
34.975104	
35.207208	
35.235167	
35.443958	
35.581958	
35.682000	
35.912375	
36.145646	
36.382667	
36.851021	
37.083417	
37.318583	
37.432896	
37.552083	
37.788771	
38.020083	
38.138875	
38.255875	
38.608250	
38.724604	
38.959250	
39.075896	
39.193500	
39.333104	
39.428646	
39.662021	
39.896000	
40.013688	
40.131896	
40.248042	
40.482146	
40.601250	
40.833438	
40.951750	
41.070167	
41.303125	
41.537896	
41.773271	
41.889583	
42.005875	
42.357229	
42.473979	
42.709917	
42.824813	
42.943500	
43.079979	
43.177604	
43.411521	
43.646042	
43.762979	
43.881708	
44.232792	
44.351021	
44.582583	
44.699854	
44.818208	
45.053146	
45.287667	
45.521625	
45.638833	
45.756396	
46.107604	
46.224583	
46.458125	
46.577542	
46.693771	
46.813292	
46.834771	
46.926833	
47.161479	
47.396021	
47.631062	
47.981938	
48.099833	
48.333625	
48.451042	
48.570833	
48.802104	
49.036479	
49.271188	
49.506042	
49.740771	
49.975083	
50.209542	
50.443750	
50.678187	
50.911583	
51.379875	
51.615625	
51.848458	
52.788083	
53.021042	
53.257083	
53.484646	
53.668062	
53.725000	
53.959083	
54.091479	
54.194292	
54.421625	
54.490667	
54.663979	
54.897354	
55.033604	
55.131104	
55.359833	
55.600813	
55.830250	
56.070125	
56.462167	
56.538479	
56.768833	
56.908583	
57.006354	
57.235646	
57.332729	
57.475583	
57.708146	
57.843042	
57.941979	
58.172167	
58.412896	
58.646792	
58.779438	
58.882521	
59.109313	
59.233812	
59.350167	
59.579708	
59.716979	
59.820208	
60.113604	
60.204979	
60.288896	
60.518292	
60.756500	
60.984375	
61.227833	
61.458375	
61.581750	
61.694271	
61.995958	
62.162729	
62.395792	
62.531104	
62.631854	
62.859333	
62.986375	
63.004875	
63.099417	
63.334583	
63.465708	
63.570229	
63.872021	
64.039292	
64.273562	
64.405354	
64.508146	
64.734042	
64.854792	
64.976854	
65.208979	
65.444854	
65.571042	
65.676292	
65.913188	
66.147042	
66.382021	
66.612333	
66.850958	
67.083521	
67.319688	
67.788479	
68.020292	
68.257854	
68.483479	
68.725688	
68.957250	
69.098417	
69.123958	
69.193792	
69.423583	
69.486208	
69.664187	
69.893917	
70.031688	
70.132542	
70.361354	
70.598354	
70.832354	
71.070146	
71.457000	
71.478896	
71.539208	
71.772229	
71.905583	
72.005146	
72.234625	
72.328500	
72.359875	
72.476479	
72.654271	
72.846563	
72.945896	
73.173021	
73.414833	
73.643146	
73.780354	
73.882188	
74.111312	
74.235313	
74.347625	
74.581542	
74.718042	
74.820000	
75.110521	
75.211896	
75.288958	
75.521271	
75.655646	
75.757000	
75.956375	
75.985583	
76.088750	
76.225625	
76.457313	
76.594354	
76.695312	
76.921042	
77.074125	
77.163500	
77.392792	
77.530875	
77.630938	
77.857938	
77.987896	
78.099063	
78.331438	
78.569542	
79.038104	
79.270125	
79.406854	
79.505687	
79.734500	
79.976104	
80.207250	
80.444979	
80.579604	
80.675188	
80.912813	
81.146792	
81.382167	
81.611521	
81.850542	
82.083167	
82.319500	
82.551146	
82.787771	
83.021438	
83.257021	
83.486208	
83.724583	
83.958979	
84.091833	
84.193813	
84.423563	
84.552625	
84.663479	
84.895479	
85.030229	
85.132917	
85.360833	
85.470646	
85.492833	
85.601833	
85.832604	
85.967833	
86.071187	
86.428146	
86.539979	
86.770979	
86.905375	
87.007542	
87.236125	
87.366792	
87.475104	
87.708875	
87.842687	
87.943125	
88.173875	
88.413229	
88.645125	
88.778104	
88.882667	
89.110542	
89.243479	
89.351354	
89.582917	
89.717208	
89.820562	
90.289646	
90.520521	
90.654667	
90.758813	
90.986042	
91.118646	
91.226042	
91.458375	
91.592625	
91.694333	
91.923854	
92.059438	
92.163250	
92.395917	
92.530583	
92.631604	
92.861208	
92.992750	
93.100750	
93.333146	
93.467958	
93.569958	
93.931813	
94.039458	
94.270188	
94.403375	
94.508792	
94.736104	
94.861187	
94.977437	
95.208146	
95.341792	
95.446479	
95.675813	
95.913708	
96.146312	
96.382437	
96.612562	
96.851187	
97.083812	
97.320063	
100.143979	
100.603604	
100.835167	
101.657646	
102.009375	
102.709104	
102.846354	
103.177437	
103.534437	
103.651000	
104.104896	
104.138229	
104.231229	
104.351208	
104.586667	
105.405792	
105.544000	
105.756438	
105.956104	
106.015729	
106.462583	
106.484667	
106.591688	
106.705458	
107.409125	
107.854854	
107.985604	
108.098938	
108.333417	
108.819542	
109.083458	
109.117188	
109.506687	
110.582208	
110.684292	
110.862333	
110.889875	
112.551417	
113.021187	
113.137771	
113.256583	
113.607083	
113.721271	
113.957417	
114.076063	
114.329500	
114.429438	
114.645875	
114.659167	
114.896167	
115.015146	
115.133938	
115.249417	
115.482396	
115.601292	
115.833083	
115.951063	
116.265500	
116.303125	
116.535750	
116.771500	
116.888333	
117.005938	
117.358042	
117.475104	
117.709104	
117.827229	
118.082208	
118.178354	
118.410521	
118.646875	
118.765604	
118.880958	
118.998104	
119.233187	
119.350354	
119.582250	
119.701479	
120.051854	
120.288021	
120.520354	
120.636813	
120.756146	
121.106729	
121.224583	
121.459146	
121.575646	
121.693625	
121.812417	
121.826896	
121.927229	
122.160208	
122.397750	
122.514813	
122.632208	
122.981208	
123.101562	
123.332375	
123.452792	
123.570271	
123.805312	
124.037500	
124.269229	
124.387625	
124.505854	
124.974729	
125.443333	
125.677312	
125.911812	
126.144167	
126.382104	
126.615562	
126.849958	
127.513979	
127.787229	
128.020542	
128.144104	
128.258250	
128.483875	
128.609854	
128.669688	
128.724729	
128.956229	
129.081729	
129.196438	
129.423833	
129.487313	
129.547021	
129.663792	
129.895125	
130.017792	
130.132417	
130.361500	
130.486479	
130.598396	
130.833208	
130.956271	
131.069750	
131.363375	
131.422375	
131.467833	
131.538896	
131.772021	
131.894167	
132.007292	
132.235229	
132.334167	
132.360208	
132.475917	
132.707833	
132.831271	
132.945229	
133.173417	
133.298313	
133.415167	
133.645438	
133.767750	
133.882542	
134.110896	
134.236771	
134.353542	
134.582104	
134.706312	
134.820437	
135.111500	
135.172229	
135.206333	
135.288604	
135.521792	
135.642292	
135.757417	
135.983729	
136.109167	
136.225729	
136.457792	
136.581250	
136.695792	
136.920979	
137.002438	
137.049313	
137.164375	
137.394042	
137.520771	
137.631188	
137.861187	
137.986917	
138.102750	
138.331583	
138.456292	
138.569063	
138.921896	
139.038000	
139.271167	
139.393479	
139.506583	
139.735250	
139.810625	
139.860792	
139.976146	
140.208271	
140.332104	
140.445229	
140.567854	
140.675250	
140.914083	
141.146417	
141.381937	
141.611708	
141.850375	
142.083875	
142.319333	
142.787688	
143.021021	
143.145563	
143.256854	
143.484604	
143.608125	
143.725875	
143.959146	
144.080938	
144.194687	
144.421958	
144.489521	
144.548479	
144.664375	
144.897500	
145.018000	
145.132896	
145.360167	
145.486083	
145.601396	
145.830354	
145.956521	
146.070479	
146.422854	
146.460750	
146.538875	
146.770187	
146.892292	
147.005396	
147.236292	
147.330938	
147.360417	
147.475771	
147.656958	
147.833146	
147.944417	
148.171938	
148.298875	
148.413604	
148.647354	
148.767188	
148.882625	
149.106792	
149.235833	
149.351104	
149.579646	
149.707396	
149.820229	
150.173604	
150.212750	
150.289292	
150.404854	
150.519625	
150.643271	
150.758875	
150.956146	
150.986063	
151.086333	
151.107354	
151.225562	
151.457917	
151.580583	
151.695625	
151.922354	
152.047729	
152.163458	
152.396542	
152.518771	
152.632167	
152.860250	
152.988042	
153.101229	
153.331875	
153.455125	
153.569667	
153.924792	
154.038021	
154.270312	
154.392646	
154.508312	
154.734229	
154.860250	
154.975437	
155.208042	
155.330729	
155.446687	
155.675625	
155.913396	
156.146917	
156.382062	
156.611792	
156.738333	
156.851104	
157.084333	
157.319625	
157.552417	
157.788667	
158.019854	
158.145896	
158.258125	
158.485354	
158.611187	
158.727146	
158.957500	
159.079688	
159.196271	
159.424042	
159.547479	
159.665562	
159.895854	
160.017687	
160.131521	
160.361187	
160.484729	
160.599958	
160.833542	
160.955271	
161.068646	
161.424062	
161.538688	
161.770062	
161.893313	
162.007458	
162.235708	
162.360500	
162.476542	
162.707604	
162.830917	
162.945896	
163.173604	
163.297833	
163.415167	
163.645333	
163.768646	
163.883438	
164.110938	
164.210000	
164.234792	
164.353396	
164.583687	
164.705563	
164.818938	
165.172896	
165.287917	
165.520354	
165.643188	
165.757104	
165.985646	
166.110750	
166.226083	
166.457708	
166.581125	
166.694896	
166.923208	
167.048083	
167.164708	
167.396021	
167.518438	
167.633583	
167.860813	
167.985125	
168.100771	
168.333833	
168.455854	
168.568417	
168.923042	
169.038271	
169.271292	
169.393583	
169.506667	
169.735562	
169.860104	
169.975396	
170.208854	
170.332208	
170.444917	
170.674625	
170.913583	
171.147396	
171.381604	
171.611271	
171.850854	
172.083167	
172.213708	
172.318896	
173.725479	
174.082667	
174.434896	
174.784958	
175.137125	
175.603688	
175.957521	
175.974917	
